55.837442 49.08112
55.839273 49.081342
55.841547 49.082885
55.847238 49.084313
55.847238 49.084313
55.848427 49.082203
55.848735 49.074492
55.848735 49.074492
55.848735 49.074492
55.848735 49.074492
55.848735 49.074492
55.848735 49.074492
55.848735 49.074492
55.848985 49.068755
55.848985 49.068755
55.848985 49.068755
55.848985 49.068755
55.849288 49.065078
55.849288 49.065078
55.849288 49.065078
55.849288 49.065078
55.850142 49.055352
55.850142 49.055352
55.850142 49.055352
55.850142 49.055352
55.850473 49.049763
55.850473 49.049763
55.850473 49.049763
55.850978 49.040465
55.850978 49.040465
55.850978 49.040465
55.850978 49.040465
55.850978 49.040465
55.85197 49.033218
55.85197 49.033218
55.85197 49.033218
55.85197 49.033218
55.855457 49.025175
55.855457 49.025175
55.855457 49.025175
55.857897 49.020097
55.857897 49.020097
55.857897 49.020097
55.857897 49.020097
55.857897 49.020097
55.862842 49.019875
55.862842 49.019875
55.862842 49.019875
55.862842 49.019875
55.866258 49.020118
55.866258 49.020118
55.866258 49.020118
55.866258 49.020118
55.867795 49.02019
55.867795 49.02019
55.867795 49.02019
55.867795 49.02019
55.870773 49.020448
55.870773 49.020448
55.870773 49.020448
55.87334 49.020792
55.87334 49.020792
55.87334 49.020792
55.87334 49.020792
55.87334 49.020792
55.87334 49.020792
55.87334 49.020792
55.87334 49.020792
55.87334 49.020792
55.87334 49.020792
55.87334 49.020792
55.87334 49.020792
55.87334 49.020792
55.87334 49.020792
55.87334 49.020792
55.87334 49.020792
55.87334 49.020792
55.87334 49.020792
55.87334 49.020792
55.87334 49.020792
55.87334 49.020792
55.87334 49.020792
55.87334 49.020792
55.87334 49.020792
55.87334 49.020792
55.87334 49.020792
55.87334 49.020792
55.87334 49.020792
55.87334 49.020792
55.873663 49.020113
55.873663 49.020113
55.873663 49.020113
55.873663 49.020113
55.873663 49.020113
55.873663 49.020113
55.873663 49.020113
55.873663 49.020113
55.873687 49.017022
55.873687 49.017022
55.873687 49.017022
55.873687 49.017022
55.871425 49.015912
55.871425 49.015912
55.871425 49.015912
55.871425 49.015912
55.868572 49.015715
55.868572 49.015715
55.868572 49.015715
55.868572 49.015715
55.866893 49.015763
55.866893 49.015763
55.866893 49.015763
55.866893 49.015763
55.866893 49.015763
55.866893 49.015763
55.866893 49.015763
55.866893 49.015763
55.866758 49.01994
55.866758 49.01994
55.866758 49.01994
55.866758 49.01994
55.862682 49.019553
55.862682 49.019553
55.862682 49.019553
55.858723 49.019153
55.858723 49.019153
55.858723 49.019153
55.858723 49.019153
55.858723 49.019153
55.856798 49.021943
55.856798 49.021943
55.856798 49.021943
55.856798 49.021943
55.854218 49.027672
55.854218 49.027672
55.854218 49.027672
55.854218 49.027672
55.851483 49.036182
55.851483 49.036182
55.851483 49.036182
55.851483 49.036182
55.85085 49.0408
55.85085 49.0408
55.85085 49.0408
55.85085 49.0408
55.850563 49.046385
55.850563 49.046385
55.850563 49.046385
55.850563 49.046385
55.850143 49.053715
55.850143 49.053715
55.850143 49.053715
55.850143 49.053715
55.84988 49.058688
55.84988 49.058688
55.84988 49.058688
55.84988 49.058688
55.849022 49.066868
55.849022 49.066868
55.849022 49.066868
55.849022 49.066868
55.848885 49.071238
55.848885 49.071238
55.848885 49.071238
55.848885 49.071238
55.848557 49.079128
55.848557 49.079128
55.848557 49.079128
55.848557 49.079128
55.848295 49.083368
55.848295 49.083368
55.848295 49.083368
55.848295 49.083368
55.847598 49.083922
55.847598 49.083922
55.847598 49.083922
55.842685 49.08463
55.842685 49.08463
55.842685 49.08463
55.842685 49.08463
55.842685 49.08463
55.839323 49.080915
55.839323 49.080915
55.839323 49.080915
55.839323 49.080915
55.837397 49.080535
55.837397 49.080535
55.837397 49.080535
55.837397 49.080535
55.834587 49.080172
55.834587 49.080172
55.834587 49.080172
55.834587 49.080172
55.83275 49.079817
55.83275 49.079817
55.83275 49.079817
55.83275 49.079817
55.829887 49.080763
55.829887 49.080763
55.829887 49.080763
55.829887 49.080763
55.82921 49.081408
55.82921 49.081408
55.82921 49.081408
55.82921 49.081408
55.830298 49.087923
55.830298 49.087923
55.830298 49.087923
55.830298 49.087923
55.82974 49.092047
55.82974 49.092047
55.82974 49.092047
55.82974 49.092047
55.825773 49.09379
55.825773 49.09379
55.825773 49.09379
55.825773 49.09379
55.825773 49.09379
55.821542 49.09554
55.821542 49.09554
55.81935 49.096422
55.81935 49.096422
55.81935 49.096422
55.81935 49.096422
55.81935 49.096422
55.81935 49.096422
55.81935 49.096422
55.81935 49.096422
55.81935 49.096422
55.81692 49.098212
55.81692 49.098212
55.81692 49.098212
55.81692 49.098212
55.813845 49.100537
55.813845 49.100537
55.813845 49.100537
55.806502 49.101797
55.806502 49.101797
55.806502 49.101797
55.806502 49.101797
55.806502 49.101797
55.797288 49.101685
55.797288 49.101685
